General AC Remote Model: AR-RCE3E

AC OFF
Raw: (115) 3336, -1624, 424, -404, 424, -404, 428, -1208, 428, -404, 428, -1208, 424, -388, 448, -400, 428, -396, 448, -1204, 428, -1188, 448, -404, 428, -400, 432, -400, 428, -1208, 428, -1212, 424, -396, 448, -396, 432, -400, 456, -396, 428, -400, 428, -404, 428, -404, 428, -404, 428, -392, 448, -376, 448, -404, 428, -404, 428, -400, 432, -1204, 428, -404, 428, -404, 428, -392, 448, -400, 428, -404, 428, -400, 428, -404, 428, -1208, 428, -404, 428, -404, 428, -412, 428, -400, 428, -1208, 452, -404, 428, -404, 428, -400, 428, -404, 428, -404, 428, -412, 428, -1204, 428, -404, 428, -1208, 428, -1212, 424, -1212, 424, -1212, 400, -1236, 424, -1220, 404

AC ON
Raw: (259) 3336, -1620, 424, -400, 428, -404, 428, -1208, 428, -404, 428, -1208, 428, -404, 428, -400, 432, -412, 428, -1204, 428, -1208, 428, -384, 448, -404, 428, -400, 428, -1208, 428, -1212, 424, -416, 428, -400, 428, -512, 428, -404, 428, -400, 428, -404, 428, -404, 428, -384, 444, -392, 452, -396, 428, -404, 428, -404, 428, -404, 428, -1208, 424, -404, 428, -404, 428, -412, 428, -400, 428, -404, 428, -400, 428, -404, 428, -1208, 428, -404, 428, -404, 428, -412, 428, -400, 428, -1236, 424, -1212, 424, -1212, 428, -1208, 428, -1208, 428, -1212, 424, -1220, 428, -1204, 428, -404, 428, -384, 448, -1208, 428, -404, 428, -400, 428, -404, 428, -412, 428, -400, 428, -404, 428, -400, 428, -404, 428, -1208, 428, -1208, 428, -404, 428, -412, 428, -1208, 424, -404, 428, -404, 428, -404, 428, -400, 428, -1212, 424, -1212, 424, -1224, 424, -1208, 428, -404, 424, -404, 428, -404, 428, -404, 428, -400, 428, -404, 428, -412, 428, -1208, 424, -1212, 424, -404, 428, -404, 428, -404, 428, -400, 428, -404, 428, -412, 428, -400, 428, -404, 428, -400, 432, -400, 428, -404, 428, -400, 432, -400, 428, -412, 428, -400, 428, -404, 428, -400, 428, -404, 428, -404, 428, -404, 428, -400, 428, -412, 432, -396, 428, -404, 428, -404, 428, -400, 428, -404, 428, -404, 428, -400, 428, -416, 428, -396, 432, -400, 428, -404, 428, -400, 432, -400, 428, -1208, 428, -404, 428, -412, 428, -1204, 428, -1212, 424, -404, 428, -1212, 424, -404, 428, -404, 428, -1208, 428, -1216, 428

AC TEMP 30
Raw: (259) 3340, -1620, 452, -376, 452, -376, 452, -1184, 456, -376, 452, -1184, 452, -380, 452, -380, 452, -388, 452, -1180, 452, -1184, 456, -356, 472, -380, 452, -376, 452, -1188, 452, -1184, 452, -388, 452, -376, 452, -380, 476, -356, 448, -380, 452, -380, 452, -380, 448, -384, 448, -392, 448, -384, 444, -380, 452, -380, 448, -384, 448, -1188, 448, -380, 452, -380, 452, -388, 452, -376, 452, -380, 448, -380, 452, -380, 452, -1184, 452, -380, 448, -384, 448, -392, 452, -376, 448, -1188, 452, -1184, 452, -1188, 448, -1188, 448, -1188, 448, -1188, 452, -1196, 452, -1180, 452, -380, 448, -380, 452, -1188, 448, -380, 452, -380, 452, -380, 448, -392, 448, -380, 448, -380, 452, -380, 448, -384, 448, -1188, 452, -1184, 452, -380, 452, -388, 452, -376, 452, -380, 448, -380, 452, -380, 452, -380, 448, -1188, 448, -1188, 452, -1196, 452, -1180, 452, -380, 448, -384, 448, -380, 452, -380, 452, -380, 448, -380, 452, -388, 452, -1184, 448, -1188, 452, -380, 452, -380, 448, -380, 452, -380, 452, -380, 448, -392, 452, -376, 448, -380, 452, -380, 452, -380, 448, -380, 452, -380, 452, -380, 448, -392, 452, -376, 448, -380, 452, -380, 452, -380, 448, -380, 452, -380, 452, -380, 452, -388, 452, -376, 452, -376, 452, -380, 452, -380, 452, -380, 448, -380, 452, -380, 452, -388, 452, -376, 452, -380, 452, -376, 452, -380, 452, -380, 452, -1184, 452, -380, 448, -392, 452, -372, 452, -380, 452, -1184, 452, -1188, 452, -376, 452, -380, 456, -1180, 452, -1196, 448

AC TEMP 29
Raw: (259) 3336, -1624, 452, -376, 452, -376, 456, -1184, 452, -376, 452, -1184, 456, -376, 452, -380, 452, -388, 452, -1180, 456, -1180, 456, -376, 452, -380, 452, -376, 456, -1184, 452, -1184, 452, -388, 452, -376, 452, -380, 452, -376, 452, -380, 452, -380, 452, -380, 452, -380, 452, -388, 452, -376, 452, -376, 452, -380, 452, -380, 452, -1184, 452, -376, 456, -376, 452, -388, 452, -376, 452, -380, 452, -376, 452, -380, 452, -1184, 452, -380, 452, -380, 452, -388, 452, -376, 452, -1184, 452, -1184, 452, -1188, 452, -1184, 452, -1184, 452, -1184, 452, -1196, 452, -1180, 452, -380, 452, -380, 476, -1160, 452, -376, 456, -376, 452, -380, 452, -388, 452, -376, 452, -380, 452, -376, 452, -380, 452, -1184, 452, -1184, 588, -364, 452, -392, 448, -376, 452, -380, 452, -376, 452, -380, 452, -1184, 452, -380, 452, -1184, 452, -1196, 452, -1180, 452, -380, 452, -380, 448, -384, 448, -380, 452, -380, 452, -376, 456, -388, 452, -1184, 448, -1184, 452, -380, 556, -372, 452, -380, 448, -380, 452, -380, 452, -388, 452, -376, 452, -380, 448, -380, 452, -380, 452, -380, 448, -380, 452, -380, 452, -388, 452, -376, 452, -376, 452, -380, 452, -380, 452, -380, 448, -380, 452, -380, 452, -388, 452, -376, 452, -380, 452, -376, 452, -380, 452, -380, 452, -376, 452, -384, 452, -388, 452, -376, 448, -380, 452, -380, 452, -380, 448, -380, 452, -1184, 452, -380, 452, -388, 452, -376, 452, -380, 452, -1184, 452, -1184, 452, -1184, 452, -380, 452, -1184, 452, -1192, 452

AC TEMP 28
Raw: (259) 3336, -1624, 420, -404, 448, -380, 452, -1188, 448, -384, 448, -1184, 452, -380, 452, -380, 452, -388, 452, -1184, 448, -1188, 448, -380, 452, -380, 452, -380, 448, -1188, 448, -1188, 452, -388, 452, -376, 452, -380, 448, -380, 452, -384, 448, -380, 452, -380, 448, -384, 448, -392, 448, -380, 448, -380, 452, -380, 452, -380, 448, -1188, 448, -380, 452, -380, 452, -388, 452, -376, 452, -380, 448, -380, 452, -380, 452, -1184, 452, -380, 452, -380, 448, -392, 448, -380, 448, -1188, 448, -1188, 452, -1188, 448, -1188, 448, -1188, 452, -1188, 448, -1196, 452, -1180, 452, -380, 452, -360, 468, -1188, 452, -380, 448, -380, 452, -380, 452, -388, 452, -376, 452, -376, 452, -380, 452, -380, 452, -1184, 452, -1188, 448, -384, 448, -392, 448, -376, 452, -408, 452, -360, 468, -380, 452, -380, 452, -380, 448, -1188, 452, -1196, 448, -1184, 452, -380, 448, -380, 452, -380, 452, -380, 448, -380, 452, -380, 452, -388, 452, -1184, 448, -1188, 452, -488, 448, -380, 452, -380, 452, -380, 448, -384, 448, -392, 448, -376, 452, -380, 452, -380, 448, -384, 448, -380, 476, -356, 448, -384, 448, -392, 448, -380, 448, -380, 452, -380, 448, -384, 448, -380, 452, -380, 448, -384, 448, -392, 448, -380, 448, -380, 452, -380, 448, -384, 448, -380, 452, -380, 452, -380, 452, -388, 452, -376, 452, -380, 448, -380, 452, -380, 452, -380, 448, -1188, 452, -380, 448, -392, 452, -376, 448, -380, 452, -1188, 448, -1188, 452, -376, 456, -1180, 452, -1188, 448, -1196, 452

AC TEMP 27
Raw: (259) 3336, -1620, 424, -404, 428, -400, 428, -1188, 448, -384, 448, -1208, 428, -404, 428, -404, 428, -392, 448, -1204, 428, -1208, 428, -384, 448, -404, 428, -400, 428, -1208, 428, -1212, 424, -416, 428, -400, 428, -384, 444, -404, 428, -404, 428, -404, 428, -400, 428, -404, 428, -392, 452, -396, 428, -404, 428, -400, 432, -400, 432, -1204, 428, -404, 428, -404, 428, -412, 428, -400, 428, -400, 432, -400, 428, -404, 428, -1208, 428, -380, 452, -404, 428, -412, 428, -400, 428, -1208, 424, -1212, 424, -1212, 428, -1212, 424, -1212, 424, -1212, 428, -1220, 424, -1208, 428, -384, 448, -400, 428, -1212, 424, -384, 448, -388, 444, -404, 428, -412, 428, -380, 448, -404, 424, -404, 428, -404, 428, -1208, 424, -1212, 428, -404, 428, -412, 432, -396, 428, -404, 428, -400, 428, -404, 428, -1208, 428, -1212, 424, -404, 428, -1220, 428, -1204, 428, -404, 428, -404, 428, -400, 428, -404, 428, -404, 428, -400, 432, -408, 432, -1204, 428, -1208, 428, -404, 428, -404, 428, -400, 428, -384, 448, -384, 448, -412, 428, -400, 428, -404, 428, -400, 428, -404, 428, -400, 432, -400, 428, -404, 428, -412, 428, -400, 428, -404, 428, -400, 428, -404, 428, -404, 428, -400, 428, -404, 428, -412, 428, -400, 428, -404, 428, -400, 428, -404, 428, -404, 428, -404, 428, -404, 428, -412, 428, -400, 428, -400, 428, -404, 428, -404, 428, -400, 428, -1208, 428, -404, 428, -412, 428, -400, 428, -404, 428, -1208, 428, -1208, 428, -1208, 428, -1208, 428, -1212, 428, -1216, 428

AC TEMP 26
Raw: (259) 3340, -1624, 424, -380, 448, -404, 428, -1208, 424, -408, 428, -1208, 424, -404, 428, -404, 428, -412, 428, -1208, 424, -1212, 424, -404, 428, -404, 428, -404, 428, -1208, 424, -1212, 428, -412, 432, -396, 428, -528, 428, -400, 432, -400, 428, -404, 428, -404, 428, -400, 428, -416, 428, -396, 428, -404, 428, -404, 428, -400, 432, -1204, 428, -404, 428, -404, 428, -412, 428, -400, 428, -404, 428, -400, 428, -404, 428, -1208, 428, -404, 428, -404, 428, -412, 428, -400, 428, -1248, 424, -1212, 424, -1212, 428, -1208, 428, -1208, 428, -1212, 424, -1224, 424, -1208, 424, -404, 428, -404, 428, -1208, 428, -404, 428, -404, 428, -400, 428, -412, 432, -396, 428, -404, 428, -404, 428, -400, 432, -1208, 424, -1212, 428, -404, 428, -412, 428, -400, 428, -400, 432, -400, 428, -404, 428, -400, 432, -1208, 424, -404, 432, -1216, 428, -1208, 424, -404, 428, -404, 428, -404, 428, -400, 428, -404, 428, -404, 428, -412, 428, -1204, 428, -1212, 424, -404, 428, -404, 428, -404, 428, -404, 424, -384, 448, -412, 428, -400, 428, -404, 428, -404, 424, -404, 428, -404, 428, -404, 428, -400, 428, -412, 428, -400, 428, -404, 428, -400, 432, -400, 428, -404, 428, -400, 432, -400, 428, -412, 432, -396, 428, -404, 428, -404, 428, -400, 428, -404, 428, -404, 428, -404, 428, -412, 428, -400, 428, -400, 428, -404, 428, -404, 428, -400, 428, -1208, 428, -404, 428, -412, 432, -396, 432, -400, 428, -1208, 428, -1208, 428, -404, 428, -404, 428, -400, 432, -408, 428

AC TEMP 25
Raw: (259) 3336, -1620, 428, -400, 428, -400, 428, -1212, 424, -404, 428, -1208, 428, -404, 428, -404, 428, -392, 448, -1204, 428, -1208, 428, -404, 428, -404, 428, -404, 424, -1216, 420, -1212, 428, -416, 424, -380, 448, -404, 428, -404, 428, -404, 428, -400, 428, -384, 448, -404, 428, -412, 428, -400, 428, -400, 428, -404, 428, -404, 428, -1208, 428, -404, 428, -380, 448, -416, 428, -396, 432, -400, 428, -404, 428, -400, 428, -1208, 428, -404, 428, -404, 428, -412, 428, -400, 428, -1208, 428, -1212, 424, -1212, 428, -1208, 428, -1208, 428, -1212, 424, -1220, 428, -1208, 424, -404, 428, -404, 428, -1208, 428, -404, 428, -400, 428, -404, 428, -412, 428, -400, 428, -404, 428, -400, 428, -404, 428, -1208, 428, -1212, 428, -404, 428, -412, 428, -400, 428, -400, 428, -404, 428, -404, 428, -1208, 428, -400, 432, -400, 428, -1220, 428, -1204, 428, -404, 428, -404, 428, -400, 428, -404, 428, -404, 428, -400, 428, -416, 428, -1204, 428, -1208, 428, -528, 428, -404, 428, -400, 428, -404, 428, -404, 428, -412, 428, -400, 428, -400, 428, -404, 428, -404, 428, -400, 428, -404, 428, -404, 428, -412, 428, -400, 428, -400, 428, -404, 428, -404, 428, -400, 428, -404, 428, -404, 428, -412, 428, -400, 428, -400, 428, -404, 428, -404, 428, -400, 428, -404, 428, -404, 428, -412, 432, -396, 428, -404, 428, -400, 432, -400, 428, -404, 428, -1208, 428, -404, 428, -412, 428, -400, 428, -400, 428, -1212, 424, -1212, 428, -1208, 428, -404, 428, -400, 432, -408, 428

AC TEMP 24
23:27:14.719 -> Raw: (259) 3340, -1724, 424, -404, 424, -404, 428, -1208, 424, -408, 428, -1208, 424, -408, 424, -404, 428, -412, 428, -1208, 424, -1212, 428, -404, 424, -384, 448, -404, 428, -1208, 428, -1208, 428, -416, 424, -400, 428, -384, 448, -404, 428, -400, 428, -504, 428, -404, 428, -404, 432, -384, 452, -400, 428, -380, 448, -404, 428, -404, 428, -1208, 424, -384, 452, -400, 428, -416, 428, -396, 428, -404, 428, -404, 428, -400, 428, -1208, 428, -404, 428, -404, 428, -412, 428, -400, 428, -1208, 404, -1232, 428, -1212, 424, -1212, 428, -1208, 428, -1212, 424, -1220, 428, -1208, 424, -384, 448, -404, 428, -1208, 424, -408, 428, -380, 448, -404, 428, -412, 428, -380, 448, -404, 428, -400, 428, -404, 428, -1208, 428, -1212, 424, -408, 428, -412, 428, -376, 452, -400, 428, -404, 428, -404, 428, -400, 428, -404, 428, -404, 428, -1216, 404, -1232, 424, -404, 428, -404, 428, -404, 428, -400, 436, -396, 428, -404, 428, -412, 428, -1204, 404, -1236, 424, -404, 428, -404, 428, -404, 424, -404, 428, -404, 428, -412, 428, -400, 428, -404, 428, -404, 428, -400, 428, -404, 428, -404, 428, -400, 432, -408, 432, -396, 428, -404, 428, -404, 428, -400, 432, -400, 428, -404, 428, -400, 428, -416, 428, -396, 432, -400, 428, -404, 428, -400, 428, -408, 424, -404, 428, -404, 428, -412, 428, -400, 428, -404, 428, -400, 428, -404, 428, -400, 432, -1208, 424, -408, 428, -412, 428, -400, 428, -400, 428, -1208, 428, -1212, 424, -404, 428, -1208, 428, -404, 428, -412, 428

AC TEMP 23
Raw: (259) 3340, -1620, 424, -400, 432, -400, 428, -1208, 428, -404, 428, -1208, 428, -384, 448, -404, 428, -412, 428, -1204, 428, -1208, 428, -384, 448, -404, 428, -400, 428, -1208, 428, -1212, 424, -416, 428, -400, 428, -400, 428, -404, 428, -404, 428, -404, 428, -404, 424, -404, 428, -392, 448, -400, 428, -404, 428, -404, 424, -404, 428, -1208, 428, -404, 428, -404, 428, -412, 428, -400, 428, -400, 428, -384, 448, -404, 428, -1208, 428, -384, 448, -400, 432, -408, 432, -376, 448, -1208, 428, -1212, 424, -1212, 428, -1208, 428, -1212, 424, -1212, 428, -1220, 424, -1208, 428, -400, 432, -400, 428, -1212, 424, -404, 428, -404, 428, -408, 424, -412, 428, -400, 428, -400, 428, -404, 428, -404, 428, -1208, 424, -1212, 428, -384, 448, -412, 428, -400, 428, -404, 428, -400, 428, -404, 428, -1208, 428, -1208, 428, -1212, 424, -416, 428, -1204, 428, -404, 428, -400, 428, -404, 428, -404, 428, -400, 432, -400, 428, -412, 432, -1204, 424, -1212, 424, -408, 428, -404, 428, -400, 428, -404, 428, -404, 428, -412, 428, -400, 428, -400, 428, -404, 428, -404, 428, -404, 424, -404, 428, -404, 428, -412, 428, -400, 428, -404, 428, -400, 428, -404, 428, -400, 432, -400, 428, -404, 428, -412, 428, -400, 428, -404, 428, -400, 428, -404, 428, -404, 560, -392, 428, -404, 428, -412, 428, -400, 428, -404, 428, -400, 428, -404, 428, -404, 428, -1208, 400, -432, 428, -416, 424, -400, 428, -400, 428, -1208, 404, -1236, 400, -1236, 400, -1236, 404, -428, 428, -408, 432

AC TEMP 22
Raw: (259) 3340, -1616, 428, -400, 428, -404, 428, -1208, 424, -408, 428, -1208, 424, -404, 428, -404, 428, -412, 432, -1204, 424, -1212, 424, -408, 424, -404, 428, -404, 428, -1208, 404, -1232, 404, -436, 432, -396, 428, -404, 428, -384, 448, -400, 428, -404, 428, -384, 448, -404, 428, -412, 428, -400, 428, -400, 432, -400, 428, -404, 428, -1208, 404, -428, 428, -400, 432, -412, 428, -396, 432, -400, 428, -404, 428, -384, 448, -1208, 400, -428, 428, -404, 428, -412, 428, -400, 428, -1208, 404, -1232, 404, -1236, 404, -1232, 404, -1232, 404, -1236, 400, -1244, 404, -1232, 400, -428, 428, -404, 428, -1208, 404, -428, 428, -400, 428, -404, 428, -412, 428, -400, 428, -404, 428, -400, 428, -404, 428, -1208, 404, -1236, 400, -552, 428, -416, 424, -400, 428, -404, 428, -404, 428, -400, 428, -404, 428, -1208, 404, -1236, 400, -440, 428, -1204, 404, -428, 424, -404, 404, -428, 404, -428, 400, -428, 404, -428, 404, -436, 404, -1232, 400, -1236, 400, -428, 404, -428, 532, -388, 404, -428, 400, -432, 400, -440, 400, -428, 400, -428, 404, -428, 404, -428, 400, -428, 404, -428, 404, -428, 400, -440, 400, -428, 400, -428, 404, -408, 424, -428, 400, -428, 404, -428, 404, -428, 404, -436, 404, -424, 400, -432, 400, -428, 404, -428, 404, -428, 400, -428, 404, -428, 404, -440, 400, -424, 404, -428, 400, -432, 424, -404, 404, -428, 404, -1232, 424, -408, 404, -436, 424, -404, 404, -424, 428, -1212, 424, -1212, 424, -408, 424, -404, 424, -1216, 424, -412, 424

AC TEMP 21
Raw: (259) 3336, -1624, 400, -424, 428, -404, 428, -1208, 404, -428, 428, -1208, 404, -428, 428, -404, 428, -412, 428, -1204, 404, -1232, 404, -428, 428, -380, 452, -400, 428, -1208, 404, -1236, 400, -420, 448, -400, 428, -400, 428, -404, 428, -404, 428, -404, 428, -380, 448, -404, 428, -412, 428, -400, 428, -404, 428, -400, 428, -404, 428, -1208, 404, -428, 428, -404, 428, -412, 428, -400, 428, -404, 424, -404, 428, -404, 428, -1208, 400, -412, 448, -400, 428, -416, 424, -400, 428, -1208, 404, -1236, 404, -1232, 404, -1232, 404, -1236, 400, -1236, 400, -1248, 400, -1232, 404, -428, 400, -428, 404, -1236, 400, -428, 404, -428, 400, -432, 400, -440, 400, -428, 400, -428, 404, -428, 404, -428, 400, -1236, 400, -1236, 404, -428, 404, -436, 404, -424, 404, -428, 400, -428, 404, -428, 404, -1232, 404, -428, 400, -1236, 404, -436, 404, -1232, 404, -404, 424, -428, 404, -428, 404, -424, 404, -428, 404, -428, 400, -440, 404, -1228, 404, -1232, 404, -432, 400, -432, 400, -428, 400, -432, 400, -428, 404, -440, 400, -424, 404, -428, 404, -428, 400, -428, 404, -408, 444, -408, 400, -428, 404, -440, 400, -424, 404, -428, 424, -408, 400, -428, 428, -404, 424, -408, 424, -408, 424, -416, 400, -428, 424, -404, 424, -408, 424, -408, 424, -404, 424, -408, 428, -404, 424, -416, 428, -400, 428, -404, 424, -404, 428, -404, 428, -404, 424, -1212, 428, -404, 424, -416, 424, -404, 424, -404, 428, -1208, 428, -1212, 424, -1212, 428, -400, 428, -1212, 428, -408, 428

AC TEMP 20
Raw: (259) 3340, -1620, 424, -380, 448, -384, 448, -1208, 428, -404, 428, -1208, 424, -404, 428, -404, 428, -412, 428, -1208, 424, -1212, 424, -408, 428, -380, 448, -404, 428, -1208, 428, -1212, 424, -392, 452, -396, 428, -384, 448, -404, 428, -404, 428, -400, 428, -404, 428, -404, 428, -412, 428, -400, 428, -380, 448, -404, 428, -404, 428, -1208, 428, -404, 428, -404, 428, -392, 448, -400, 428, -404, 424, -404, 428, -404, 428, -1208, 428, -404, 428, -400, 432, -408, 432, -396, 428, -1212, 424, -1212, 428, -1208, 428, -1208, 428, -1212, 424, -1212, 428, -1220, 424, -1208, 428, -384, 448, -400, 428, -1212, 424, -404, 428, -404, 428, -404, 428, -412, 428, -400, 428, -400, 428, -404, 428, -404, 428, -1208, 424, -1212, 428, -404, 428, -412, 428, -400, 428, -404, 428, -400, 428, -404, 428, -404, 428, -400, 428, -1212, 424, -416, 428, -1204, 428, -404, 428, -400, 428, -404, 428, -404, 428, -404, 424, -404, 428, -412, 428, -1208, 424, -1212, 424, -404, 432, -400, 428, -404, 428, -404, 428, -404, 428, -412, 428, -400, 428, -400, 428, -404, 428, -404, 428, -400, 428, -404, 428, -404, 428, -412, 428, -400, 428, -400, 428, -404, 428, -404, 428, -400, 428, -404, 428, -404, 428, -412, 428, -400, 428, -400, 432, -400, 428, -404, 428, -404, 428, -400, 428, -528, 428, -412, 428, -400, 428, -404, 428, -400, 432, -400, 428, -404, 428, -1208, 424, -408, 428, -412, 428, -400, 428, -400, 428, -1208, 428, -1212, 424, -404, 428, -1208, 428, -1212, 428, -408, 428
